-89.843887 1003.907837 144.531479
-93.750145 1003.907837 144.531479
-105.468918 1003.907837 144.531479
-109.375168 1007.814087 140.625214
-105.468918 1007.814087 136.718964
-105.468918 1007.814087 128.906448
-105.468918 1003.907837 125.000198
-93.750145 996.095337 128.906448
-85.937637 996.095337 132.812714
-85.937637 1003.907837 136.718964
-93.750145 1011.720337 128.906448
-89.843887 1007.814087 136.718964
-85.937637 1003.907837 140.625214
-93.750145 988.282776 136.718964
-117.187683 1003.907837 117.187683
-109.375168 1007.814087 117.187683
-93.750145 992.189026 125.000198
-85.937637 992.189026 128.906448
-82.031380 972.657776 125.000198
-82.031380 1000.001587 113.281425
-93.750145 1027.345337 105.468918
-93.750145 1027.345337 117.187683
-93.750145 1015.626587 125.000198
-113.281425 1039.064087 125.000198
-128.906448 1109.376709 128.906448
-117.187683 1148.439331 132.812714
-105.468918 1148.439331 148.437729
-89.843887 1199.220581 164.062759
-78.125122 1226.564453 175.781525
-89.843887 1101.564209 164.062759
-89.843887 1000.001587 152.343994
-101.562660 925.782715 140.625214
-93.750145 843.751343 136.718964
-85.937637 765.626221 140.625214
-85.937637 734.376160 148.437729
-89.843887 738.282410 144.531479
-97.656403 734.376160 140.625214
-117.187683 742.188660 132.812714
-148.437729 816.407532 125.000198
-171.875275 890.626404 117.187683
-160.156494 1015.626587 140.625214
-144.531479 1210.939453 191.406555
-152.343994 1343.752075 199.219055
-164.062759 1308.595825 175.781525
-156.250244 1277.345703 164.062759
-136.718964 1207.033081 160.156494
-132.812714 1121.095459 152.343994
-132.812714 1089.845459 152.343994
-148.437729 1085.939209 144.531479
-187.500290 1062.501709 136.718964
-214.844086 1019.532837 140.625214
-199.219055 976.564026 140.625214
-167.969009 906.251404 132.812714
-148.437729 812.501282 117.187683
-144.531479 773.438721 113.281425
-140.625214 750.001160 105.468918
-148.437729 753.907410 97.656403
-164.062759 730.469910 85.937637
-167.969009 753.907410 85.937637
-156.250244 750.001160 85.937637
-171.875275 804.688782 85.937637
-203.125320 1011.720337 113.281425
-261.719147 1226.564453 148.437729
-253.906647 1375.002197 183.594040
-257.812897 1394.533447 167.969009
-230.469116 1449.221069 183.594040
-187.500290 1339.845825 156.250244
-171.875275 1195.314331 125.000198
-167.969009 1031.251587 101.562660
-160.156494 914.063904 97.656403
-179.687775 878.907654 101.562660
-195.312805 886.720154 109.375168
-195.312805 855.470093 109.375168
-175.781525 839.845093 125.000198
-152.343994 808.595032 140.625214
-164.062759 835.938782 136.718964
-171.875275 859.376343 128.906448
-171.875275 839.845093 128.906448
-160.156494 816.407532 132.812714
-156.250244 781.251221 125.000198
-171.875275 761.719971 101.562660
-191.406555 875.001343 93.750145
-214.844086 1042.970337 125.000198
-230.469116 1214.845703 164.062759
-242.187881 1300.783325 164.062759
-238.281616 1453.127319 175.781525
-187.500290 1406.252197 171.875275
-136.718964 1230.470703 152.343994
-136.718964 1117.189209 128.906448
-152.343994 1023.439087 113.281425
-175.781525 972.657776 109.375168
-191.406555 921.876465 113.281425
-199.219055 863.282593 117.187683
-218.750336 867.188843 121.093941
-203.125320 882.813904 125.000198
-183.594040 882.813904 128.906448
-183.594040 855.470093 117.187683
-187.500290 835.938782 113.281425
-179.687775 800.782532 117.187683
-148.437729 777.344971 117.187683
-132.812714 789.063721 125.000198
-160.156494 750.001160 105.468918
-175.781525 917.970215 113.281425
-199.219055 1035.157837 140.625214
-230.469116 1191.408081 187.500290
-234.375366 1312.502075 210.937836
-222.656601 1394.533447 207.031570
-199.219055 1394.533447 199.219055
-160.156494 1304.689575 179.687775
-136.718964 1132.814331 152.343994
-164.062759 1003.907837 136.718964
-179.687775 968.751526 117.187683
-203.125320 917.970215 105.468918
-210.937836 875.001343 109.375168
-210.937836 863.282593 121.093941
-207.031570 828.126282 125.000198
-199.219055 851.563843 121.093941
-203.125320 839.845093 121.093941
-199.219055 828.126282 125.000198
-199.219055 812.501282 128.906448
-199.219055 839.845093 132.812714
-179.687775 867.188843 136.718964
-191.406555 824.220032 117.187683
-234.375366 859.376343 109.375168
-246.094131 945.313965 125.000198
-250.000397 1082.032959 148.437729
-234.375366 1250.001953 199.219055
-242.187881 1343.752075 207.031570
-257.812897 1351.564575 183.594040
-242.187881 1316.408325 171.875275
-199.219055 1183.595581 156.250244
-183.594040 1070.314209 152.343994
-195.312805 925.782715 125.000198
-210.937836 917.970215 109.375168
-238.281616 890.626404 93.750145
-230.469116 902.345154 113.281425
-207.031570 867.188843 121.093941
-175.781525 878.907654 128.906448
-187.500290 863.282593 109.375168
-195.312805 871.095093 113.281425
-183.594040 832.032532 117.187683
-183.594040 781.251221 117.187683
-191.406555 804.688782 121.093941
-179.687775 804.688782 113.281425
-207.031570 812.501282 105.468918
-238.281616 925.782715 109.375168
-289.062958 1183.595581 148.437729
-281.250427 1335.939575 195.312805
-265.625427 1324.220825 179.687775
-226.562851 1300.783325 152.343994
-187.500290 1265.626953 128.906448
-164.062759 1171.876831 113.281425
-156.250244 1039.064087 105.468918
-164.062759 914.063904 85.937637
-183.594040 890.626404 89.843887
-210.937836 898.438904 101.562660
-234.375366 925.782715 101.562660
-246.094131 917.970215 105.468918
-246.094131 890.626404 113.281425
-242.187881 867.188843 125.000198
-246.094131 843.751343 136.718964
-250.000397 800.782532 144.531479
-250.000397 769.532471 156.250244
-238.281616 773.438721 191.406555
-222.656601 746.094910 226.562851
-226.562851 777.344971 253.906647
-257.812897 1031.251587 312.500488
-234.375366 1488.283569 425.781921
-195.312805 1433.595947 441.406952
-160.156494 1332.033325 425.781921
-144.531479 1300.783325 371.094330
-132.812714 1210.939453 312.500488
-128.906448 1062.501709 253.906647
-152.343994 925.782715 191.406555
-179.687775 882.813904 164.062759
-218.750336 824.220032 136.718964
-269.531677 898.438904 93.750145
-316.406738 937.501465 46.875072
-328.125519 964.845276 35.156303
-328.125519 906.251404 11.718768
-324.219269 871.095093 -35.156303
-332.031769 851.563843 -89.843887
-347.656799 843.751343 -136.718964
-316.406738 738.282410 -183.594040
-265.625427 726.563660 -269.531677
-109.375168 718.751099 -351.563049
27.343792 816.407532 -566.407166
35.156303 1082.032959 -765.626221
101.562660 984.376526 -820.313782
152.343994 898.438904 -843.751343
132.812714 921.876465 -828.126282
93.750145 902.345154 -734.376160
78.125122 820.313782 -628.907227
-23.437536 843.751343 -578.125916
-113.281425 839.845093 -519.532043
-140.625214 843.751343 -441.406952
-156.250244 863.282593 -386.719360
-199.219055 925.782715 -351.563049
-218.750336 929.688965 -308.594238
-218.750336 917.970215 -265.625427
-250.000397 910.157654 -234.375366
-257.812897 906.251404 -183.594040
-238.281616 867.188843 -109.375168
-230.469116 839.845093 -46.875072
-222.656601 785.157471 7.812512
-234.375366 781.251221 50.781330
-238.281616 714.844849 117.187683
-238.281616 695.313599 203.125320
-218.750336 667.969788 324.219269
-222.656601 714.844849 472.656982
-261.719147 839.845093 609.375977
-304.687988 992.189026 769.532471
-261.719147 1042.970337 875.001343
-222.656601 1039.064087 894.532654
-207.031570 1050.782837 910.157654
-199.219055 957.032776 941.407715
-191.406555 957.032776 941.407715
-187.500290 937.501465 917.970215
-214.844086 875.001343 871.095093
-234.375366 816.407532 847.657593
-246.094131 796.876221 812.501282
-269.531677 835.938782 769.532471
-308.594238 863.282593 738.282410
-304.687988 824.220032 714.844849
-308.594238 867.188843 675.782288
-332.031769 890.626404 625.000977
-332.031769 890.626404 582.032166
-324.219269 863.282593 523.438293
-320.312988 843.751343 445.313202
-320.312988 875.001343 359.375549
-300.781708 894.532654 269.531677
-289.062958 851.563843 156.250244
-253.906647 843.751343 78.125122
-203.125320 800.782532 3.906256
-156.250244 769.532471 -136.718964
-74.218864 941.407715 -285.156708
27.343792 894.532654 -433.594421
125.000198 765.626221 -570.313416
105.468918 835.938782 -718.751099
117.187683 914.063904 -746.094910
132.812714 894.532654 -750.001160
35.156303 894.532654 -757.813660
-11.718768 832.032532 -699.219849
-35.156303 816.407532 -652.344788
-85.937637 867.188843 -601.563416
-117.187683 875.001343 -535.157104
-128.906448 871.095093 -472.656982
-156.250244 886.720154 -425.781921
-207.031570 914.063904 -375.000580
-230.469116 898.438904 -308.594238
-253.906647 882.813904 -246.094131
-277.344177 878.907654 -179.687775
-285.156708 882.813904 -105.468918
-277.344177 871.095093 -27.343792
-265.625427 847.657593 70.312607
-277.344177 792.969971 148.437729
-277.344177 781.251221 199.219055
-277.344177 746.094910 261.719147
-230.469116 683.594849 433.594421
-187.500290 761.719971 605.469727
-230.469116 882.813904 691.407349
-257.812897 937.501465 781.251221
-246.094131 1019.532837 910.157654
-242.187881 1007.814087 992.189026
-246.094131 976.564026 988.282776
-253.906647 992.189026 984.376526
-242.187881 929.688965 957.032776
-238.281616 886.720154 910.157654
-230.469116 886.720154 867.188843
-238.281616 878.907654 812.501282
-250.000397 824.220032 757.813660
-257.812897 800.782532 695.313599
-257.812897 824.220032 644.532288
-257.812897 828.126282 597.657166
-285.156708 843.751343 539.063354
-308.594238 839.845093 480.469513
-312.500488 875.001343 425.781921
-308.594238 886.720154 363.281830
-304.687988 906.251404 273.437927
-312.500488 929.688965 171.875275
-335.938019 925.782715 82.031380
-316.406738 894.532654 3.906256
-289.062958 906.251404 -109.375168
-269.531677 941.407715 -207.031570
-187.500290 917.970215 -308.594238
-136.718964 878.907654 -421.875671
-113.281425 828.126282 -542.969604
-58.593842 792.969971 -628.907227
-11.718768 816.407532 -718.751099
-35.156303 804.688782 -789.063721
-62.500099 820.313782 -796.876221
-35.156303 804.688782 -726.563660
-35.156303 847.657593 -656.251038
-70.312607 898.438904 -593.750916
-82.031380 910.157654 -527.344604
-78.125122 890.626404 -484.375763
-125.000198 910.157654 -453.125702
-140.625214 886.720154 -406.250641
-160.156494 890.626404 -351.563049
-183.594040 871.095093 -281.250427
-191.406555 847.657593 -195.312805
-222.656601 863.282593 -93.750145
-246.094131 863.282593 15.625025
-257.812897 843.751343 109.375168
-277.344177 816.407532 214.844086
-296.875458 820.313782 328.125519
-312.500488 851.563843 433.594421
-328.125519 855.470093 542.969604
-312.500488 882.813904 648.438538
-308.594238 890.626404 703.126099
-300.781708 863.282593 738.282410
-300.781708 882.813904 796.876221
-304.687988 878.907654 867.188843
-285.156708 863.282593 898.438904
-281.250427 882.813904 890.626404
-281.250427 902.345154 910.157654
-273.437927 871.095093 902.345154
-277.344177 859.376343 863.282593
-292.969208 875.001343 816.407532
-292.969208 851.563843 777.344971
-296.875458 820.313782 730.469910
-316.406738 808.595032 667.969788
-312.500488 804.688782 613.282227
-277.344177 808.595032 574.219666
-265.625427 839.845093 507.813293
-281.250427 902.345154 464.844482
-300.781708 886.720154 414.063141
-296.875458 894.532654 363.281830
-312.500488 921.876465 285.156708
-320.312988 953.126465 203.125320
-320.312988 976.564026 121.093941
-316.406738 968.751526 42.968819
-312.500488 949.220215 -42.968819
-269.531677 941.407715 -144.531479
-214.844086 941.407715 -261.719147
-191.406555 875.001343 -359.375549
-121.093941 753.907410 -472.656982
-89.843887 808.595032 -609.375977
-93.750145 835.938782 -675.782288
-62.500099 800.782532 -710.938599
-31.250050 839.845093 -726.563660
-74.218864 917.970215 -714.844849
-66.406357 894.532654 -652.344788
-54.687584 851.563843 -597.657166
-89.843887 902.345154 -566.407166
-128.906448 914.063904 -507.813293
-144.531479 898.438904 -437.500671
-171.875275 902.345154 -375.000580
-199.219055 898.438904 -312.500488
-226.562851 914.063904 -250.000397
-250.000397 929.688965 -183.594040
-250.000397 910.157654 -121.093941
-253.906647 914.063904 -54.687584
-261.719147 921.876465 23.437536
-285.156708 906.251404 82.031380
-312.500488 882.813904 148.437729
-320.312988 875.001343 214.844086
-328.125519 875.001343 289.062958
-328.125519 843.751343 375.000580
-316.406738 855.470093 484.375763
-316.406738 933.595215 578.125916
-335.938019 972.657776 660.157288
-308.594238 949.220215 714.844849
-277.344177 1035.157837 742.188660
-273.437927 1035.157837 742.188660
-253.906647 960.939026 718.751099
-246.094131 914.063904 675.782288
-246.094131 906.251404 628.907227
-253.906647 894.532654 578.125916
-277.344177 902.345154 519.532043
-316.406738 906.251404 464.844482
-347.656799 917.970215 406.250641
-355.469299 914.063904 363.281830
-371.094330 914.063904 316.406738
-398.438110 917.970215 269.531677
-410.156891 929.688965 234.375366
-425.781921 898.438904 191.406555
-472.656982 902.345154 156.250244
-503.907043 882.813904 121.093941
-539.063354 875.001343 82.031380
-582.032166 843.751343 50.781330
-601.563416 804.688782 31.250050
-609.375977 808.595032 19.531281
-632.813477 808.595032 11.718768
-632.813477 816.407532 15.625025
-605.469727 839.845093 23.437536
-589.844666 859.376343 23.437536
-566.407166 839.845093 27.343792
-535.157104 828.126282 35.156303
-457.031952 835.938782 58.593842
-363.281830 890.626404 82.031380
-281.250427 906.251404 117.187683
-218.750336 902.345154 128.906448
-121.093941 1015.626587 167.969009
-3.906256 1066.407959 210.937836
101.562660 1066.407959 234.375366
171.875275 1101.564209 230.469116
273.437927 1156.251831 250.000397
335.938019 1144.533081 234.375366
375.000580 1128.907959 214.844086
378.906830 1117.189209 207.031570
363.281830 1082.032959 199.219055
324.219269 1066.407959 175.781525
281.250427 1066.407959 164.062759
246.094131 1062.501709 167.969009
218.750336 1054.689209 171.875275
175.781525 1082.032959 167.969009
136.718964 1078.126709 171.875275
85.937637 1062.501709 175.781525
46.875072 1042.970337 179.687775
-7.812512 1015.626587 171.875275
-66.406357 1000.001587 167.969009
-109.375168 976.564026 167.969009
-152.343994 953.126465 164.062759
-199.219055 921.876465 156.250244
-250.000397 910.157654 144.531479
-300.781708 898.438904 140.625214
-335.938019 882.813904 128.906448
-386.719360 878.907654 132.812714
-457.031952 851.563843 121.093941
-562.500854 828.126282 101.562660
-667.969788 777.344971 93.750145
-746.094910 800.782532 85.937637
-781.251221 867.188843 97.656403
-835.938782 867.188843 85.937637
-875.001343 871.095093 74.218864
-855.470093 847.657593 74.218864
-808.595032 847.657593 74.218864
-738.282410 843.751343 74.218864
-683.594849 863.282593 78.125122
-597.657166 851.563843 93.750145
-562.500854 871.095093 85.937637
-546.875854 894.532654 93.750145
-515.625793 847.657593 97.656403
-441.406952 828.126282 113.281425
-406.250641 875.001343 101.562660
-390.625610 902.345154 109.375168
-378.906830 929.688965 125.000198
-324.219269 898.438904 140.625214
-265.625427 875.001343 132.812714
-238.281616 843.751343 109.375168
-199.219055 828.126282 105.468918
-144.531479 859.376343 136.718964
-54.687584 855.470093 167.969009
27.343792 1023.439087 210.937836
23.437536 1140.626831 207.031570
66.406357 1226.564453 246.094131
105.468918 1167.970581 242.187881
132.812714 1179.689331 238.281616
121.093941 1125.001709 203.125320
113.281425 1140.626831 203.125320
101.562660 1203.126831 207.031570
125.000198 1195.314331 207.031570
97.656403 1175.783081 191.406555
31.250050 1183.595581 207.031570
-11.718768 1175.783081 218.750336
-27.343792 1187.501831 226.562851
-39.062561 1164.064331 210.937836
-54.687584 1089.845459 191.406555
-58.593842 972.657776 195.312805
-42.968819 902.345154 195.312805
-58.593842 910.157654 187.500290
-74.218864 910.157654 187.500290
-85.937637 890.626404 191.406555
-85.937637 882.813904 195.312805
-144.531479 906.251404 179.687775
-218.750336 917.970215 160.156494
-265.625427 906.251404 148.437729
-296.875458 886.720154 148.437729
-343.750549 875.001343 136.718964
-382.813110 878.907654 117.187683
-414.063141 890.626404 105.468918
-445.313202 847.657593 85.937637
-480.469513 847.657593 74.218864
-496.094513 898.438904 85.937637
-511.719543 929.688965 93.750145
-527.344604 1046.876587 109.375168
-562.500854 1070.314209 128.906448
-585.938416 1152.345581 175.781525
-554.688354 1109.376709 238.281616
-523.438293 1093.751709 257.812897
-492.188263 1089.845459 261.719147
-464.844482 1074.220459 238.281616
-449.219452 1042.970337 207.031570
-402.344391 953.126465 160.156494
-332.031769 847.657593 125.000198
-281.250427 800.782532 78.125122
-250.000397 765.626221 35.156303
-253.906647 742.188660 -19.531281
-296.875458 847.657593 -54.687584
-324.219269 832.032532 -50.781330
-292.969208 785.157471 -19.531281
-304.687988 843.751343 -50.781330
-371.094330 976.564026 -105.468918
-375.000580 1062.501709 -164.062759
-253.906647 941.407715 -234.375366
-11.718768 789.063721 -324.219269
35.156303 902.345154 -582.032166
23.437536 1117.189209 -683.594849
0.000000 988.282776 -703.126099
-46.875072 980.470276 -628.907227
-70.312607 933.595215 -507.813293
-113.281425 933.595215 -406.250641
-148.437729 921.876465 -316.406738
-179.687775 933.595215 -257.812897
-214.844086 937.501465 -183.594040
-234.375366 929.688965 -105.468918
-207.031570 914.063904 -31.250050
-214.844086 945.313965 -7.812512
-253.906647 972.657776 27.343792
-296.875458 914.063904 93.750145
-324.219269 855.470093 179.687775
-367.188080 851.563843 277.344177
-410.156891 925.782715 335.938019
-417.969391 917.970215 398.438110
-382.813110 742.188660 433.594421
-343.750549 648.438538 417.969391
-328.125519 609.375977 398.438110
-296.875458 535.157104 421.875671
-273.437927 472.656982 562.500854
-324.219269 824.220032 695.313599
-359.375549 1070.314209 843.751343
-421.875671 1160.158081 875.001343
-476.563232 1117.189209 886.720154
-406.250641 1027.345337 882.813904
-296.875458 988.282776 832.032532
-312.500488 867.188843 714.844849
-343.750549 714.844849 640.625977
-296.875458 785.157471 609.375977
-343.750549 933.595215 617.188477
-417.969391 949.220215 582.032166
-488.282013 972.657776 539.063354
-500.000793 910.157654 500.000793
-480.469513 835.938782 460.938232
-445.313202 753.907410 410.156891
-433.594421 691.407349 367.188080
-414.063141 609.375977 347.656799
-406.250641 550.782104 316.406738
-406.250641 546.875854 292.969208
-421.875671 574.219666 273.437927
-429.688171 640.625977 281.250427
-464.844482 757.813660 261.719147
-539.063354 933.595215 222.656601
-597.657166 1144.533081 199.219055
-621.094727 1160.158081 164.062759
-601.563416 1039.064087 117.187683
-519.532043 1125.001709 97.656403
-414.063141 1085.939209 15.625025
-355.469299 1015.626587 -58.593842
-289.062958 906.251404 -97.656403
-277.344177 890.626404 -144.531479
-320.312988 925.782715 -171.875275
-363.281830 960.939026 -167.969009
-328.125519 894.532654 -132.812714
-312.500488 882.813904 -199.219055
-328.125519 921.876465 -269.531677
-343.750549 863.282593 -304.687988
-261.719147 777.344971 -320.312988
-214.844086 851.563843 -371.094330
-195.312805 882.813904 -394.531860
-136.718964 875.001343 -382.813110
-39.062561 773.438721 -363.281830
-46.875072 757.813660 -390.625610
-23.437536 730.469910 -421.875671
15.625025 808.595032 -417.969391
101.562660 804.688782 -398.438110
128.906448 789.063721 -425.781921
113.281425 882.813904 -476.563232
89.843887 1015.626587 -476.563232
93.750145 1042.970337 -468.750732
85.937637 1140.626831 -464.844482
70.312607 1195.314331 -445.313202
58.593842 1132.814331 -421.875671
50.781330 1058.595459 -390.625610
3.906256 984.376526 -343.750549
-78.125122 945.313965 -289.062958
-121.093941 906.251404 -218.750336
-132.812714 871.095093 -160.156494
-164.062759 921.876465 -128.906448
-214.844086 1007.814087 -78.125122
-230.469116 929.688965 -31.250050
-242.187881 890.626404 15.625025
-238.281616 863.282593 54.687584
-253.906647 847.657593 78.125122
-289.062958 863.282593 113.281425
-320.312988 839.845093 140.625214
-335.938019 777.344971 160.156494
-335.938019 757.813660 191.406555
-339.844269 742.188660 230.469116
-378.906830 796.876221 246.094131
-417.969391 828.126282 281.250427
-484.375763 906.251404 343.750549
-570.313416 1046.876587 382.813110
-640.625977 1179.689331 425.781921
-648.438538 1144.533081 433.594421
-601.563416 1078.126709 445.313202
-558.594604 1042.970337 421.875671
-523.438293 949.220215 398.438110
-519.532043 835.938782 367.188080
-519.532043 800.782532 355.469299
-539.063354 843.751343 339.844269
-550.782104 808.595032 328.125519
-542.969604 777.344971 332.031769
-535.157104 757.813660 335.938019
-539.063354 777.344971 332.031769
-535.157104 789.063721 324.219269
-527.344604 785.157471 312.500488
-503.907043 769.532471 304.687988
-453.125702 730.469910 300.781708
-398.438110 722.657410 296.875458
-355.469299 757.813660 289.062958
-285.156708 652.344788 277.344177
-292.969208 687.501099 281.250427
-277.344177 980.470276 332.031769
-265.625427 1230.470703 367.188080
-179.687775 1289.064575 390.625610
-109.375168 1261.720703 390.625610
-7.812512 1285.158203 378.906830
121.093941 1285.158203 339.844269
203.125320 1210.939453 296.875458
238.281616 1042.970337 273.437927
277.344177 812.501282 250.000397
269.531677 910.157654 222.656601
226.562851 933.595215 191.406555
171.875275 953.126465 183.594040
121.093941 988.282776 175.781525
78.125122 1062.501709 156.250244
31.250050 1097.657959 136.718964
19.531281 1046.876587 121.093941
15.625025 988.282776 85.937637
15.625025 972.657776 50.781330
7.812512 937.501465 23.437536
-7.812512 890.626404 -11.718768
-15.625025 859.376343 -31.250050
-19.531281 847.657593 -54.687584
-27.343792 828.126282 -93.750145
-58.593842 863.282593 -136.718964
-93.750145 929.688965 -167.969009
-105.468918 992.189026 -191.406555
-97.656403 1113.282959 -242.187881
-101.562660 1214.845703 -285.156708
-109.375168 1164.064331 -308.594238
-101.562660 1089.845459 -289.062958
-89.843887 988.282776 -281.250427
-117.187683 910.157654 -273.437927
-179.687775 855.470093 -250.000397
-234.375366 820.313782 -218.750336
-281.250427 839.845093 -191.406555
-304.687988 871.095093 -160.156494
-320.312988 917.970215 -121.093941
-332.031769 933.595215 -105.468918
-328.125519 957.032776 -97.656403
-324.219269 968.751526 -85.937637
-320.312988 957.032776 -66.406357
-312.500488 914.063904 -42.968819
-308.594238 914.063904 -19.531281
-304.687988 902.345154 -3.906256
-300.781708 867.188843 23.437536
-292.969208 800.782532 46.875072
-273.437927 773.438721 89.843887
-265.625427 847.657593 132.812714
-285.156708 937.501465 167.969009
-328.125519 1062.501709 226.562851
-375.000580 1148.439331 273.437927
-406.250641 1148.439331 300.781708
-421.875671 1132.814331 324.219269
-414.063141 1066.407959 335.938019
-406.250641 1007.814087 332.031769
-402.344391 949.220215 324.219269
-390.625610 937.501465 320.312988
-367.188080 941.407715 320.312988
-343.750549 921.876465 324.219269
-332.031769 921.876465 324.219269
-343.750549 933.595215 324.219269
-347.656799 910.157654 320.312988
-343.750549 906.251404 312.500488
-332.031769 875.001343 304.687988
-324.219269 820.313782 296.875458
-320.312988 781.251221 289.062958
-320.312988 796.876221 285.156708
-304.687988 847.657593 289.062958
-277.344177 902.345154 304.687988
-246.094131 957.032776 320.312988
-234.375366 988.282776 339.844269
-218.750336 1078.126709 355.469299
-203.125320 1097.657959 347.656799
-187.500290 1066.407959 328.125519
-160.156494 1023.439087 312.500488
-132.812714 968.751526 296.875458
-113.281425 953.126465 281.250427
-97.656403 941.407715 265.625427
-89.843887 949.220215 257.812897
-85.937637 957.032776 250.000397
-93.750145 953.126465 242.187881
-93.750145 964.845276 238.281616
-78.125122 972.657776 234.375366
-66.406357 984.376526 230.469116
-62.500099 1003.907837 218.750336
-58.593842 1003.907837 203.125320
-50.781330 992.189026 199.219055
-46.875072 988.282776 199.219055
-46.875072 980.470276 195.312805
