784.655640 842.229919 858.679749 804.395386
797.815491 834.005005 863.614685 806.040344
794.525513 825.780151 871.839600 815.910278
806.040344 838.940002 840.584961 814.265259
809.330322 845.519897 850.454834 810.975281
786.300598 853.744812 853.744812 801.105408
797.815491 847.164856 847.164856 807.685364
807.685364 840.584961 861.969727 807.685364
797.815491 838.940002 860.324707 807.685364
794.525513 840.584961 847.164856 799.460449
807.685364 850.454834 860.324707 814.265259
791.235535 838.940002 858.679749 796.170471
807.685364 838.940002 853.744812 799.460449
824.135132 835.650024 865.259644 809.330322
792.880554 827.425110 840.584961 792.880554
797.815491 838.940002 827.425110 814.265259
809.330322 858.679749 855.389771 820.845215
807.685364 873.484558 861.969727 812.620300
809.330322 863.614685 866.904663 806.040344
804.395386 858.679749 861.969727 810.975281
807.685364 853.744812 855.389771 809.330322
807.685364 852.099792 857.034729 819.200195
812.620300 843.874939 848.809875 829.070068
791.235535 853.744812 845.519897 801.105408
796.170471 847.164856 843.874939 819.200195
801.105408 837.294983 840.584961 819.200195
802.750427 845.519897 840.584961 817.555237
809.330322 843.874939 850.454834 822.490173
797.815491 868.549622 860.324707 825.780151
796.170471 848.809875 855.389771 815.910278
801.105408 857.034729 857.034729 820.845215
796.170471 855.389771 853.744812 829.070068
787.945557 852.099792 848.809875 820.845215
796.170471 843.874939 863.614685 817.555237
796.170471 838.940002 860.324707 819.200195
807.685364 868.549622 842.229919 835.650024
815.910278 863.614685 848.809875 834.005005
814.265259 871.839600 843.874939 832.360046
801.105408 858.679749 835.650024 809.330322
806.040344 842.229919 843.874939 812.620300
801.105408 873.484558 842.229919 797.815491
810.975281 875.129517 825.780151 815.910278
827.425110 870.194580 837.294983 820.845215
817.555237 863.614685 827.425110 812.620300
801.105408 855.389771 832.360046 814.265259
809.330322 850.454834 825.780151 810.975281
807.685364 843.874939 809.330322 809.330322
814.265259 866.904663 827.425110 812.620300
815.910278 881.709473 840.584961 825.780151
820.845215 870.194580 848.809875 819.200195
796.170471 868.549622 852.099792 820.845215
804.395386 852.099792 825.780151 827.425110
804.395386 875.129517 838.940002 825.780151
806.040344 880.064453 838.940002 830.715088
819.200195 876.774536 843.874939 837.294983
801.105408 847.164856 829.070068 829.070068
796.170471 847.164856 837.294983 822.490173
807.685364 863.614685 822.490173 838.940002
817.555237 858.679749 814.265259 834.005005
814.265259 881.709473 824.135132 842.229919
797.815491 857.034729 822.490173 829.070068
797.815491 873.484558 863.614685 824.135132
802.750427 876.774536 868.549622 829.070068
802.750427 865.259644 855.389771 824.135132
807.685364 845.519897 852.099792 838.940002
797.815491 835.650024 855.389771 827.425110
802.750427 845.519897 855.389771 820.845215
825.780151 845.519897 843.874939 835.650024
812.620300 861.969727 825.780151 832.360046
824.135132 863.614685 825.780151 835.650024
819.200195 843.874939 840.584961 834.005005
815.910278 850.454834 853.744812 825.780151
819.200195 838.940002 852.099792 834.005005
832.360046 845.519897 857.034729 845.519897
815.910278 835.650024 843.874939 830.715088
817.555237 842.229919 857.034729 820.845215
814.265259 850.454834 866.904663 817.555237
819.200195 853.744812 843.874939 819.200195
829.070068 848.809875 840.584961 819.200195
829.070068 850.454834 822.490173 815.910278
817.555237 843.874939 843.874939 812.620300
824.135132 835.650024 858.679749 824.135132
842.229919 853.744812 863.614685 834.005005
837.294983 840.584961 858.679749 837.294983
835.650024 832.360046 847.164856 820.845215
848.809875 843.874939 838.940002 827.425110
850.454834 840.584961 848.809875 827.425110
858.679749 835.650024 852.099792 830.715088
858.679749 847.164856 845.519897 829.070068
843.874939 858.679749 847.164856 809.330322
850.454834 840.584961 832.360046 812.620300
845.519897 865.259644 860.324707 802.750427
853.744812 853.744812 860.324707 817.555237
858.679749 855.389771 863.614685 825.780151
848.809875 853.744812 842.229919 807.685364
853.744812 850.454834 845.519897 797.815491
850.454834 847.164856 845.519897 807.685364
847.164856 832.360046 843.874939 806.040344
853.744812 838.940002 843.874939 812.620300
829.070068 840.584961 837.294983 806.040344
840.584961 850.454834 837.294983 810.975281
829.070068 860.324707 843.874939 820.845215
842.229919 853.744812 843.874939 825.780151
842.229919 857.034729 853.744812 827.425110
838.940002 857.034729 870.194580 815.910278
838.940002 860.324707 847.164856 820.845215
837.294983 848.809875 829.070068 829.070068
842.229919 829.070068 819.200195 829.070068
842.229919 832.360046 842.229919 829.070068
847.164856 845.519897 860.324707 840.584961
825.780151 875.129517 878.419495 829.070068
829.070068 842.229919 850.454834 837.294983
829.070068 848.809875 853.744812 845.519897
824.135132 827.425110 837.294983 832.360046
843.874939 852.099792 834.005005 848.809875
835.650024 843.874939 847.164856 845.519897
829.070068 843.874939 852.099792 847.164856
850.454834 840.584961 845.519897 853.744812
843.874939 852.099792 861.969727 847.164856
843.874939 868.549622 855.389771 840.584961
848.809875 850.454834 847.164856 847.164856
830.715088 852.099792 857.034729 835.650024
838.940002 840.584961 827.425110 838.940002
838.940002 858.679749 843.874939 838.940002
840.584961 853.744812 840.584961 852.099792
858.679749 868.549622 858.679749 861.969727
843.874939 857.034729 871.839600 840.584961
850.454834 860.324707 855.389771 853.744812
830.715088 863.614685 868.549622 827.425110
837.294983 853.744812 853.744812 835.650024
845.519897 850.454834 855.389771 855.389771
838.940002 852.099792 855.389771 853.744812
845.519897 861.969727 860.324707 852.099792
820.845215 861.969727 850.454834 842.229919
819.200195 871.839600 847.164856 840.584961
834.005005 858.679749 842.229919 852.099792
832.360046 840.584961 848.809875 852.099792
830.715088 863.614685 853.744812 842.229919
843.874939 860.324707 830.715088 852.099792
838.940002 855.389771 840.584961 848.809875
820.845215 870.194580 861.969727 837.294983
830.715088 838.940002 860.324707 842.229919
832.360046 860.324707 870.194580 832.360046
830.715088 863.614685 860.324707 825.780151
838.940002 860.324707 840.584961 848.809875
834.005005 857.034729 857.034729 842.229919
827.425110 837.294983 858.679749 832.360046
832.360046 827.425110 847.164856 835.650024
840.584961 840.584961 868.549622 834.005005
834.005005 838.940002 853.744812 827.425110
827.425110 830.715088 850.454834 824.135132
825.780151 852.099792 880.064453 829.070068
812.620300 850.454834 871.839600 819.200195
820.845215 835.650024 873.484558 830.715088
829.070068 837.294983 853.744812 842.229919
827.425110 834.005005 850.454834 838.940002
810.975281 830.715088 850.454834 842.229919
819.200195 858.679749 870.194580 843.874939
822.490173 866.904663 858.679749 840.584961
824.135132 850.454834 853.744812 830.715088
835.650024 863.614685 866.904663 843.874939
824.135132 842.229919 876.774536 832.360046
820.845215 843.874939 853.744812 840.584961
820.845215 865.259644 860.324707 843.874939
810.975281 863.614685 863.614685 835.650024
817.555237 852.099792 845.519897 838.940002
834.005005 834.005005 857.034729 850.454834
837.294983 847.164856 870.194580 848.809875
830.715088 855.389771 848.809875 832.360046
827.425110 858.679749 853.744812 840.584961
819.200195 861.969727 855.389771 832.360046
830.715088 857.034729 868.549622 848.809875
827.425110 845.519897 866.904663 845.519897
812.620300 832.360046 868.549622 835.650024
810.975281 820.845215 863.614685 827.425110
819.200195 819.200195 835.650024 832.360046
814.265259 843.874939 845.519897 832.360046
812.620300 834.005005 871.839600 829.070068
824.135132 842.229919 865.259644 838.940002
824.135132 858.679749 889.934387 835.650024
829.070068 842.229919 871.839600 838.940002
814.265259 822.490173 837.294983 810.975281
810.975281 822.490173 837.294983 814.265259
819.200195 812.620300 840.584961 827.425110
832.360046 827.425110 842.229919 837.294983
834.005005 850.454834 835.650024 835.650024
812.620300 819.200195 842.229919 825.780151
817.555237 834.005005 840.584961 820.845215
812.620300 860.324707 830.715088 825.780151
825.780151 875.129517 837.294983 835.650024
822.490173 860.324707 819.200195 825.780151
807.685364 829.070068 834.005005 812.620300
814.265259 817.555237 834.005005 819.200195
819.200195 837.294983 829.070068 829.070068
819.200195 853.744812 832.360046 820.845215
814.265259 858.679749 825.780151 827.425110
814.265259 850.454834 850.454834 819.200195
817.555237 827.425110 837.294983 822.490173
827.425110 834.005005 835.650024 825.780151
837.294983 850.454834 848.809875 835.650024
820.845215 822.490173 812.620300 819.200195
814.265259 837.294983 819.200195 812.620300
827.425110 838.940002 815.910278 835.650024
817.555237 834.005005 837.294983 820.845215
830.715088 845.519897 857.034729 838.940002
840.584961 830.715088 840.584961 842.229919
835.650024 837.294983 847.164856 842.229919
837.294983 853.744812 827.425110 840.584961
837.294983 852.099792 848.809875 842.229919
832.360046 838.940002 860.324707 834.005005
824.135132 842.229919 840.584961 815.910278
842.229919 842.229919 837.294983 843.874939
835.650024 847.164856 835.650024 845.519897
835.650024 857.034729 838.940002 850.454834
835.650024 834.005005 842.229919 842.229919
837.294983 825.780151 847.164856 835.650024
827.425110 838.940002 825.780151 842.229919
829.070068 850.454834 853.744812 840.584961
827.425110 857.034729 855.389771 843.874939
822.490173 868.549622 861.969727 853.744812
829.070068 843.874939 853.744812 842.229919
822.490173 820.845215 820.845215 837.294983
819.200195 850.454834 829.070068 842.229919
819.200195 840.584961 838.940002 837.294983
820.845215 848.809875 847.164856 840.584961
835.650024 845.519897 832.360046 850.454834
848.809875 847.164856 827.425110 863.614685
832.360046 866.904663 822.490173 843.874939
815.910278 858.679749 837.294983 804.395386
810.975281 848.809875 848.809875 781.365662
840.584961 852.099792 855.389771 870.194580
870.194580 871.839600 858.679749 909.674133
832.360046 842.229919 825.780151 787.945557
835.650024 815.910278 802.750427 791.235535
863.614685 840.584961 842.229919 893.224304
840.584961 866.904663 840.584961 853.744812
829.070068 860.324707 824.135132 791.235535
830.715088 876.774536 858.679749 820.845215
870.194580 865.259644 860.324707 870.194580
840.584961 848.809875 843.874939 834.005005
827.425110 852.099792 819.200195 810.975281
829.070068 834.005005 820.845215 840.584961
830.715088 829.070068 825.780151 842.229919
838.940002 842.229919 840.584961 825.780151
819.200195 855.389771 855.389771 812.620300
820.845215 840.584961 843.874939 824.135132
843.874939 843.874939 834.005005 835.650024
838.940002 858.679749 825.780151 824.135132
845.519897 848.809875 834.005005 840.584961
838.940002 853.744812 848.809875 847.164856
838.940002 837.294983 842.229919 838.940002
834.005005 855.389771 843.874939 825.780151
837.294983 842.229919 840.584961 840.584961
834.005005 847.164856 861.969727 842.229919
837.294983 855.389771 857.034729 842.229919
820.845215 835.650024 866.904663 838.940002
822.490173 842.229919 857.034729 835.650024
822.490173 845.519897 834.005005 822.490173
834.005005 837.294983 835.650024 820.845215
832.360046 848.809875 842.229919 834.005005
822.490173 850.454834 850.454834 829.070068
837.294983 860.324707 857.034729 832.360046
822.490173 863.614685 865.259644 825.780151
814.265259 855.389771 863.614685 825.780151
832.360046 845.519897 857.034729 834.005005
819.200195 843.874939 881.709473 832.360046
834.005005 842.229919 868.549622 843.874939
825.780151 861.969727 847.164856 825.780151
824.135132 855.389771 835.650024 829.070068
822.490173 832.360046 832.360046 820.845215
829.070068 843.874939 825.780151 815.910278
835.650024 858.679749 863.614685 829.070068
824.135132 873.484558 861.969727 824.135132
842.229919 870.194580 855.389771 835.650024
829.070068 837.294983 842.229919 827.425110
832.360046 848.809875 853.744812 834.005005
820.845215 858.679749 840.584961 822.490173
807.685364 866.904663 847.164856 809.330322
820.845215 870.194580 852.099792 824.135132
819.200195 852.099792 840.584961 810.975281
827.425110 858.679749 852.099792 815.910278
825.780151 866.904663 852.099792 825.780151
825.780151 842.229919 848.809875 820.845215
822.490173 852.099792 855.389771 820.845215
827.425110 855.389771 850.454834 825.780151
840.584961 852.099792 843.874939 842.229919
822.490173 884.999451 857.034729 834.005005
822.490173 840.584961 837.294983 819.200195
815.910278 863.614685 868.549622 822.490173
825.780151 875.129517 868.549622 820.845215
825.780151 861.969727 852.099792 824.135132
827.425110 860.324707 847.164856 829.070068
834.005005 850.454834 832.360046 830.715088
835.650024 861.969727 847.164856 835.650024
834.005005 847.164856 852.099792 835.650024
822.490173 852.099792 850.454834 824.135132
825.780151 845.519897 848.809875 817.555237
837.294983 830.715088 822.490173 827.425110
822.490173 835.650024 834.005005 822.490173
835.650024 832.360046 852.099792 820.845215
835.650024 834.005005 850.454834 820.845215
822.490173 845.519897 853.744812 807.685364
814.265259 873.484558 857.034729 802.750427
812.620300 875.129517 861.969727 801.105408
814.265259 853.744812 848.809875 806.040344
819.200195 838.940002 853.744812 810.975281
810.975281 829.070068 845.519897 810.975281
809.330322 865.259644 860.324707 802.750427
804.395386 858.679749 858.679749 797.815491
830.715088 853.744812 860.324707 810.975281
838.940002 850.454834 842.229919 814.265259
827.425110 843.874939 850.454834 812.620300
829.070068 840.584961 860.324707 812.620300
825.780151 853.744812 865.259644 815.910278
827.425110 855.389771 868.549622 809.330322
822.490173 850.454834 881.709473 809.330322
829.070068 860.324707 858.679749 817.555237
829.070068 852.099792 845.519897 810.975281
825.780151 845.519897 850.454834 824.135132
809.330322 843.874939 842.229919 820.845215
807.685364 834.005005 850.454834 804.395386
791.235535 847.164856 840.584961 792.880554
806.040344 860.324707 853.744812 802.750427
807.685364 855.389771 857.034729 802.750427
809.330322 845.519897 855.389771 814.265259
804.395386 850.454834 843.874939 810.975281
815.910278 860.324707 842.229919 812.620300
825.780151 861.969727 857.034729 812.620300
801.105408 853.744812 865.259644 801.105408
801.105408 829.070068 855.389771 807.685364
810.975281 858.679749 838.940002 807.685364
791.235535 857.034729 834.005005 797.815491
820.845215 853.744812 835.650024 820.845215
827.425110 866.904663 850.454834 830.715088
804.395386 845.519897 829.070068 815.910278
834.005005 853.744812 843.874939 822.490173
814.265259 863.614685 863.614685 815.910278
801.105408 847.164856 857.034729 806.040344
802.750427 852.099792 865.259644 809.330322
814.265259 847.164856 852.099792 817.555237
809.330322 840.584961 842.229919 804.395386
825.780151 843.874939 845.519897 817.555237
827.425110 868.549622 837.294983 824.135132
825.780151 865.259644 832.360046 810.975281
807.685364 837.294983 817.555237 814.265259
814.265259 863.614685 830.715088 822.490173
815.910278 853.744812 857.034729 815.910278
827.425110 843.874939 845.519897 824.135132
842.229919 852.099792 847.164856 830.715088
820.845215 834.005005 842.229919 819.200195
806.040344 838.940002 843.874939 815.910278
799.460449 835.650024 870.194580 809.330322
806.040344 848.809875 878.419495 806.040344
802.750427 842.229919 873.484558 806.040344
779.720703 838.940002 866.904663 792.880554
787.945557 843.874939 852.099792 787.945557
797.815491 825.780151 853.744812 799.460449
797.815491 830.715088 880.064453 794.525513
796.170471 830.715088 884.999451 791.235535
801.105408 832.360046 876.774536 807.685364
791.235535 850.454834 875.129517 806.040344
807.685364 843.874939 848.809875 807.685364
819.200195 850.454834 858.679749 825.780151
791.235535 848.809875 871.839600 814.265259
807.685364 840.584961 845.519897 822.490173
810.975281 852.099792 866.904663 827.425110
792.880554 848.809875 858.679749 801.105408
792.880554 852.099792 850.454834 799.460449
801.105408 861.969727 868.549622 806.040344
806.040344 838.940002 842.229919 832.360046
809.330322 848.809875 843.874939 822.490173
822.490173 840.584961 858.679749 829.070068
806.040344 835.650024 861.969727 814.265259
802.750427 857.034729 853.744812 802.750427
817.555237 861.969727 876.774536 815.910278
812.620300 830.715088 850.454834 809.330322
812.620300 838.940002 830.715088 814.265259
827.425110 852.099792 868.549622 825.780151
820.845215 847.164856 855.389771 815.910278
812.620300 863.614685 858.679749 809.330322
815.910278 850.454834 865.259644 815.910278
810.975281 838.940002 870.194580 807.685364
824.135132 834.005005 871.839600 814.265259
830.715088 850.454834 868.549622 829.070068
837.294983 847.164856 863.614685 822.490173
837.294983 845.519897 861.969727 837.294983
832.360046 852.099792 852.099792 814.265259
830.715088 837.294983 850.454834 822.490173
814.265259 850.454834 866.904663 827.425110
809.330322 838.940002 842.229919 809.330322
819.200195 853.744812 857.034729 825.780151
809.330322 865.259644 853.744812 815.910278
827.425110 848.809875 838.940002 825.780151
825.780151 842.229919 838.940002 829.070068
829.070068 840.584961 835.650024 820.845215
838.940002 845.519897 860.324707 815.910278
835.650024 855.389771 852.099792 827.425110
822.490173 863.614685 863.614685 822.490173
843.874939 852.099792 860.324707 830.715088
834.005005 843.874939 838.940002 824.135132
840.584961 838.940002 853.744812 825.780151
830.715088 842.229919 840.584961 804.395386
819.200195 857.034729 860.324707 787.945557
837.294983 850.454834 860.324707 802.750427
840.584961 868.549622 858.679749 807.685364
837.294983 855.389771 850.454834 819.200195
837.294983 847.164856 827.425110 809.330322
843.874939 842.229919 829.070068 820.845215
837.294983 855.389771 830.715088 819.200195
822.490173 850.454834 829.070068 804.395386
817.555237 852.099792 842.229919 789.590576
806.040344 853.744812 853.744812 768.205811
822.490173 840.584961 847.164856 797.815491
829.070068 848.809875 845.519897 815.910278
820.845215 843.874939 837.294983 810.975281
824.135132 843.874939 848.809875 810.975281
824.135132 832.360046 843.874939 799.460449
815.910278 834.005005 827.425110 792.880554
820.845215 825.780151 845.519897 797.815491
824.135132 832.360046 827.425110 806.040344
822.490173 848.809875 838.940002 810.975281
838.940002 847.164856 847.164856 822.490173
815.910278 835.650024 850.454834 806.040344
799.460449 838.940002 866.904663 806.040344
815.910278 847.164856 857.034729 810.975281
810.975281 838.940002 843.874939 819.200195
814.265259 843.874939 834.005005 817.555237
837.294983 834.005005 853.744812 822.490173
824.135132 830.715088 840.584961 824.135132
809.330322 832.360046 832.360046 802.750427
824.135132 835.650024 835.650024 819.200195
809.330322 824.135132 827.425110 801.105408
817.555237 847.164856 825.780151 804.395386
825.780151 855.389771 853.744812 802.750427
835.650024 865.259644 858.679749 815.910278
830.715088 860.324707 858.679749 810.975281
834.005005 842.229919 848.809875 814.265259
838.940002 843.874939 832.360046 830.715088
838.940002 837.294983 838.940002 817.555237
857.034729 845.519897 857.034729 832.360046
858.679749 852.099792 838.940002 824.135132
840.584961 850.454834 829.070068 796.170471
852.099792 827.425110 825.780151 817.555237
860.324707 843.874939 829.070068 829.070068
861.969727 852.099792 835.650024 824.135132
858.679749 842.229919 817.555237 832.360046
843.874939 860.324707 847.164856 810.975281
853.744812 847.164856 847.164856 815.910278
858.679749 845.519897 855.389771 822.490173
865.259644 852.099792 843.874939 829.070068
888.289368 852.099792 827.425110 850.454834
866.904663 847.164856 850.454834 838.940002
857.034729 853.744812 835.650024 837.294983
852.099792 861.969727 830.715088 817.555237
835.650024 858.679749 848.809875 829.070068
837.294983 842.229919 860.324707 814.265259
830.715088 840.584961 858.679749 804.395386
830.715088 842.229919 830.715088 812.620300
830.715088 832.360046 814.265259 806.040344
852.099792 843.874939 830.715088 838.940002
843.874939 832.360046 871.839600 834.005005
843.874939 837.294983 866.904663 837.294983
847.164856 843.874939 838.940002 838.940002
822.490173 840.584961 860.324707 825.780151
819.200195 820.845215 857.034729 837.294983
838.940002 825.780151 858.679749 847.164856
824.135132 848.809875 852.099792 834.005005
829.070068 847.164856 840.584961 829.070068
830.715088 850.454834 840.584961 820.845215
815.910278 842.229919 860.324707 802.750427
838.940002 830.715088 852.099792 822.490173
837.294983 822.490173 842.229919 829.070068
809.330322 815.910278 847.164856 802.750427
827.425110 814.265259 825.780151 817.555237
815.910278 829.070068 838.940002 820.845215
817.555237 842.229919 855.389771 814.265259
814.265259 838.940002 858.679749 810.975281
815.910278 815.910278 843.874939 810.975281
825.780151 809.330322 822.490173 834.005005
824.135132 835.650024 834.005005 838.940002
809.330322 829.070068 843.874939 837.294983
807.685364 825.780151 855.389771 825.780151
804.395386 840.584961 857.034729 804.395386
810.975281 834.005005 842.229919 810.975281
825.780151 829.070068 845.519897 810.975281
817.555237 832.360046 837.294983 820.845215
829.070068 827.425110 835.650024 817.555237
812.620300 824.135132 842.229919 804.395386
819.200195 824.135132 840.584961 815.910278
830.715088 819.200195 850.454834 817.555237
838.940002 829.070068 860.324707 820.845215
832.360046 835.650024 853.744812 817.555237
838.940002 838.940002 850.454834 817.555237
822.490173 848.809875 865.259644 812.620300
812.620300 840.584961 842.229919 807.685364
807.685364 847.164856 835.650024 792.880554
829.070068 845.519897 847.164856 809.330322
838.940002 853.744812 843.874939 822.490173
834.005005 845.519897 843.874939 822.490173
819.200195 842.229919 863.614685 820.845215
815.910278 857.034729 855.389771 814.265259
814.265259 835.650024 838.940002 797.815491
819.200195 842.229919 853.744812 809.330322
820.845215 866.904663 842.229919 806.040344
812.620300 860.324707 840.584961 804.395386
830.715088 865.259644 853.744812 815.910278
819.200195 857.034729 822.490173 801.105408
817.555237 845.519897 827.425110 791.235535
815.910278 837.294983 848.809875 783.010620
815.910278 843.874939 847.164856 784.655640
829.070068 852.099792 858.679749 789.590576
801.105408 842.229919 838.940002 783.010620
809.330322 847.164856 832.360046 796.170471
802.750427 855.389771 847.164856 786.300598
797.815491 848.809875 840.584961 776.430725
812.620300 840.584961 840.584961 792.880554
806.040344 822.490173 830.715088 781.365662
827.425110 822.490173 842.229919 781.365662
835.650024 834.005005 847.164856 792.880554
827.425110 861.969727 842.229919 786.300598
819.200195 861.969727 825.780151 792.880554
809.330322 860.324707 843.874939 789.590576
820.845215 834.005005 845.519897 791.235535
827.425110 853.744812 840.584961 792.880554
829.070068 860.324707 847.164856 797.815491
840.584961 843.874939 837.294983 814.265259
840.584961 848.809875 847.164856 815.910278
822.490173 837.294983 865.259644 799.460449
832.360046 863.614685 857.034729 814.265259
820.845215 858.679749 845.519897 801.105408
809.330322 840.584961 850.454834 786.300598
814.265259 843.874939 858.679749 797.815491
807.685364 843.874939 861.969727 799.460449
807.685364 866.904663 847.164856 804.395386
804.395386 863.614685 834.005005 806.040344
802.750427 848.809875 842.229919 806.040344
792.880554 835.650024 857.034729 804.395386
794.525513 838.940002 850.454834 796.170471
814.265259 837.294983 845.519897 801.105408
796.170471 827.425110 832.360046 799.460449
796.170471 837.294983 857.034729 796.170471
806.040344 857.034729 860.324707 806.040344
794.525513 832.360046 842.229919 784.655640
810.975281 837.294983 832.360046 794.525513
802.750427 829.070068 847.164856 794.525513
812.620300 827.425110 855.389771 809.330322
820.845215 852.099792 850.454834 804.395386
817.555237 861.969727 850.454834 801.105408
812.620300 857.034729 835.650024 810.975281
786.300598 855.389771 857.034729 794.525513
768.205811 843.874939 843.874939 748.466064
784.655640 847.164856 868.549622 769.850830
804.395386 842.229919 860.324707 829.070068
792.880554 852.099792 843.874939 766.560852
781.365662 843.874939 830.715088 738.596191
797.815491 858.679749 845.519897 830.715088
820.845215 857.034729 875.129517 827.425110
804.395386 840.584961 853.744812 764.915833
794.525513 834.005005 850.454834 809.330322
812.620300 837.294983 838.940002 838.940002
804.395386 820.845215 829.070068 810.975281
774.785767 838.940002 842.229919 781.365662
774.785767 850.454834 857.034729 802.750427
794.525513 843.874939 868.549622 827.425110
783.010620 837.294983 861.969727 784.655640
792.880554 842.229919 875.129517 796.170471
809.330322 837.294983 857.034729 827.425110
784.655640 848.809875 847.164856 796.170471
802.750427 847.164856 837.294983 794.525513
801.105408 855.389771 834.005005 820.845215
797.815491 853.744812 860.324707 817.555237
791.235535 848.809875 848.809875 810.975281
786.300598 842.229919 843.874939 796.170471
801.105408 847.164856 850.454834 804.395386
807.685364 837.294983 837.294983 824.135132
796.170471 855.389771 850.454834 832.360046
796.170471 855.389771 850.454834 825.780151
781.365662 845.519897 840.584961 817.555237
768.205811 857.034729 845.519897 807.685364
792.880554 855.389771 838.940002 814.265259
789.590576 845.519897 830.715088 819.200195
802.750427 843.874939 829.070068 822.490173
824.135132 838.940002 830.715088 827.425110
787.945557 829.070068 829.070068 812.620300
787.945557 870.194580 870.194580 819.200195
791.235535 861.969727 860.324707 817.555237
791.235535 847.164856 858.679749 804.395386
806.040344 840.584961 858.679749 819.200195
801.105408 827.425110 850.454834 830.715088
786.300598 829.070068 832.360046 817.555237
792.880554 842.229919 837.294983 804.395386
792.880554 838.940002 843.874939 819.200195
794.525513 850.454834 840.584961 814.265259
787.945557 845.519897 852.099792 814.265259
796.170471 850.454834 840.584961 815.910278
820.845215 848.809875 834.005005 834.005005
804.395386 837.294983 830.715088 817.555237
799.460449 848.809875 837.294983 809.330322
791.235535 840.584961 843.874939 806.040344
806.040344 858.679749 852.099792 819.200195
815.910278 852.099792 875.129517 822.490173
822.490173 832.360046 860.324707 822.490173
830.715088 820.845215 861.969727 847.164856
814.265259 832.360046 842.229919 835.650024
812.620300 876.774536 860.324707 824.135132
787.945557 843.874939 853.744812 806.040344
804.395386 845.519897 857.034729 834.005005
820.845215 847.164856 853.744812 842.229919
824.135132 829.070068 820.845215 838.940002
834.005005 850.454834 848.809875 853.744812
814.265259 847.164856 848.809875 829.070068
822.490173 845.519897 868.549622 832.360046
830.715088 852.099792 871.839600 815.910278
810.975281 852.099792 850.454834 815.910278
829.070068 870.194580 842.229919 834.005005
817.555237 832.360046 824.135132 824.135132
824.135132 835.650024 829.070068 835.650024
832.360046 870.194580 845.519897 832.360046
812.620300 868.549622 861.969727 815.910278
815.910278 866.904663 850.454834 825.780151
827.425110 871.839600 857.034729 834.005005
829.070068 857.034729 863.614685 830.715088
830.715088 838.940002 847.164856 827.425110
832.360046 858.679749 858.679749 815.910278
825.780151 853.744812 852.099792 838.940002
812.620300 817.555237 827.425110 824.135132
814.265259 866.904663 834.005005 815.910278
797.815491 868.549622 847.164856 815.910278
822.490173 870.194580 853.744812 825.780151
824.135132 860.324707 857.034729 830.715088
835.650024 843.874939 843.874939 837.294983
832.360046 825.780151 843.874939 824.135132
814.265259 829.070068 845.519897 810.975281
809.330322 861.969727 857.034729 809.330322
806.040344 855.389771 853.744812 801.105408
799.460449 850.454834 834.005005 814.265259
789.590576 847.164856 838.940002 809.330322
804.395386 847.164856 834.005005 824.135132
804.395386 870.194580 861.969727 820.845215
812.620300 873.484558 857.034729 814.265259
814.265259 868.549622 861.969727 812.620300
778.075684 848.809875 840.584961 789.590576
774.785767 838.940002 829.070068 796.170471
792.880554 852.099792 848.809875 801.105408
809.330322 858.679749 835.650024 817.555237
806.040344 866.904663 838.940002 810.975281
802.750427 853.744812 822.490173 817.555237
792.880554 850.454834 840.584961 810.975281
783.010620 861.969727 865.259644 792.880554
801.105408 857.034729 852.099792 794.525513
802.750427 860.324707 838.940002 796.170471
807.685364 834.005005 827.425110 804.395386
820.845215 848.809875 834.005005 815.910278
804.395386 875.129517 843.874939 817.555237
792.880554 860.324707 838.940002 810.975281
773.140747 870.194580 845.519897 807.685364
761.625916 852.099792 838.940002 801.105408
771.495789 845.519897 863.614685 804.395386
792.880554 847.164856 860.324707 810.975281
797.815491 852.099792 853.744812 817.555237
801.105408 843.874939 850.454834 820.845215
809.330322 858.679749 835.650024 829.070068
794.525513 870.194580 840.584961 807.685364
794.525513 850.454834 840.584961 794.525513
814.265259 855.389771 855.389771 807.685364
804.395386 848.809875 860.324707 804.395386
820.845215 837.294983 863.614685 822.490173
824.135132 842.229919 843.874939 810.975281
822.490173 852.099792 842.229919 820.845215
832.360046 845.519897 843.874939 815.910278
812.620300 837.294983 845.519897 797.815491
822.490173 860.324707 858.679749 806.040344
822.490173 865.259644 870.194580 810.975281
812.620300 843.874939 838.940002 806.040344
809.330322 852.099792 840.584961 810.975281
794.525513 834.005005 838.940002 802.750427
797.815491 840.584961 847.164856 806.040344
819.200195 852.099792 853.744812 817.555237
812.620300 834.005005 843.874939 812.620300
809.330322 850.454834 845.519897 815.910278
797.815491 840.584961 848.809875 804.395386
799.460449 845.519897 860.324707 801.105408
806.040344 852.099792 852.099792 807.685364
791.235535 850.454834 852.099792 787.945557
807.685364 835.650024 847.164856 792.880554
809.330322 835.650024 857.034729 817.555237
801.105408 840.584961 850.454834 796.170471
792.880554 825.780151 825.780151 799.460449
797.815491 847.164856 855.389771 796.170471
807.685364 866.904663 863.614685 794.525513
794.525513 840.584961 861.969727 791.235535
815.910278 866.904663 858.679749 802.750427
819.200195 853.744812 830.715088 809.330322
820.845215 837.294983 842.229919 797.815491
837.294983 865.259644 858.679749 822.490173
802.750427 866.904663 875.129517 794.525513
794.525513 863.614685 875.129517 786.300598
807.685364 838.940002 837.294983 799.460449
810.975281 820.845215 850.454834 783.010620
829.070068 832.360046 853.744812 806.040344
827.425110 838.940002 855.389771 787.945557
819.200195 870.194580 850.454834 791.235535
814.265259 868.549622 842.229919 786.300598
824.135132 838.940002 861.969727 787.945557
832.360046 845.519897 866.904663 807.685364
814.265259 834.005005 853.744812 786.300598
807.685364 822.490173 845.519897 773.140747
809.330322 832.360046 829.070068 779.720703
817.555237 850.454834 860.324707 769.850830
812.620300 850.454834 853.744812 799.460449
804.395386 855.389771 868.549622 804.395386
791.235535 843.874939 853.744812 801.105408
802.750427 838.940002 863.614685 809.330322
827.425110 837.294983 875.129517 801.105408
810.975281 835.650024 860.324707 794.525513
783.010620 820.845215 842.229919 774.785767
783.010620 834.005005 848.809875 771.495789
789.590576 853.744812 840.584961 778.075684
799.460449 855.389771 853.744812 786.300598
799.460449 838.940002 853.744812 783.010620
815.910278 843.874939 861.969727 794.525513
819.200195 855.389771 852.099792 802.750427
825.780151 848.809875 863.614685 794.525513
812.620300 837.294983 855.389771 791.235535
812.620300 822.490173 830.715088 787.945557
825.780151 835.650024 830.715088 807.685364
825.780151 850.454834 852.099792 814.265259
830.715088 847.164856 860.324707 804.395386
815.910278 863.614685 875.129517 794.525513
807.685364 845.519897 853.744812 799.460449
812.620300 837.294983 848.809875 812.620300
814.265259 827.425110 842.229919 806.040344
815.910278 835.650024 835.650024 812.620300
815.910278 848.809875 842.229919 817.555237
801.105408 842.229919 827.425110 815.910278
791.235535 845.519897 820.845215 820.845215
796.170471 835.650024 837.294983 815.910278
792.880554 860.324707 860.324707 797.815491
797.815491 866.904663 863.614685 802.750427
801.105408 842.229919 875.129517 810.975281
806.040344 850.454834 855.389771 820.845215
815.910278 824.135132 837.294983 815.910278
814.265259 840.584961 838.940002 817.555237
778.075684 848.809875 838.940002 796.170471
810.975281 848.809875 845.519897 806.040344
791.235535 847.164856 843.874939 812.620300
786.300598 845.519897 842.229919 796.170471
801.105408 843.874939 835.650024 814.265259
792.880554 825.780151 837.294983 801.105408
806.040344 830.715088 853.744812 817.555237
789.590576 845.519897 840.584961 814.265259
763.270874 838.940002 843.874939 787.945557
759.980896 838.940002 850.454834 789.590576
783.010620 827.425110 834.005005 802.750427
796.170471 817.555237 843.874939 810.975281
796.170471 840.584961 847.164856 802.750427
786.300598 850.454834 832.360046 797.815491
791.235535 842.229919 830.715088 796.170471
806.040344 824.135132 843.874939 810.975281
802.750427 819.200195 847.164856 827.425110
809.330322 843.874939 848.809875 829.070068
792.880554 848.809875 860.324707 820.845215
755.045959 832.360046 834.005005 807.685364
778.075684 850.454834 832.360046 819.200195
784.655640 835.650024 843.874939 829.070068
804.395386 834.005005 824.135132 834.005005
814.265259 855.389771 829.070068 824.135132
820.845215 863.614685 812.620300 830.715088
832.360046 860.324707 814.265259 835.650024
834.005005 880.064453 807.685364 830.715088
834.005005 870.194580 796.170471 817.555237
863.614685 863.614685 812.620300 820.845215
875.129517 860.324707 799.460449 835.650024
881.709473 868.549622 789.590576 842.229919
886.644409 886.644409 786.300598 845.519897
875.129517 880.064453 799.460449 834.005005
873.484558 888.289368 807.685364 843.874939
886.644409 901.449219 799.460449 842.229919
880.064453 876.774536 801.105408 842.229919
886.644409 889.934387 806.040344 838.940002
896.514282 875.129517 807.685364 847.164856
893.224304 832.360046 802.750427 861.969727
889.934387 838.940002 815.910278 855.389771
876.774536 896.514282 825.780151 845.519897
881.709473 889.934387 820.845215 840.584961
868.549622 886.644409 825.780151 829.070068
875.129517 866.904663 817.555237 837.294983
878.419495 842.229919 815.910278 842.229919
866.904663 848.809875 820.845215 842.229919
858.679749 847.164856 819.200195 838.940002
843.874939 853.744812 812.620300 825.780151
850.454834 875.129517 835.650024 832.360046
861.969727 858.679749 845.519897 834.005005
870.194580 868.549622 840.584961 840.584961
870.194580 855.389771 845.519897 858.679749
866.904663 853.744812 852.099792 847.164856
873.484558 857.034729 838.940002 852.099792
863.614685 850.454834 837.294983 840.584961
850.454834 829.070068 830.715088 850.454834
857.034729 861.969727 834.005005 860.324707
842.229919 857.034729 837.294983 850.454834
847.164856 853.744812 829.070068 835.650024
850.454834 860.324707 857.034729 838.940002
838.940002 853.744812 850.454834 835.650024
838.940002 866.904663 857.034729 832.360046
853.744812 845.519897 845.519897 847.164856
858.679749 834.005005 827.425110 847.164856
853.744812 847.164856 834.005005 837.294983
852.099792 852.099792 835.650024 830.715088
855.389771 853.744812 842.229919 817.555237
858.679749 848.809875 830.715088 824.135132
850.454834 842.229919 824.135132 840.584961
829.070068 850.454834 822.490173 824.135132
847.164856 848.809875 829.070068 842.229919
850.454834 852.099792 829.070068 832.360046
855.389771 850.454834 834.005005 847.164856
834.005005 842.229919 832.360046 837.294983
815.910278 842.229919 830.715088 810.975281
842.229919 847.164856 834.005005 827.425110
843.874939 838.940002 827.425110 830.715088
838.940002 837.294983 822.490173 832.360046
824.135132 848.809875 822.490173 825.780151
817.555237 852.099792 847.164856 817.555237
824.135132 855.389771 834.005005 820.845215
815.910278 850.454834 824.135132 832.360046
810.975281 843.874939 830.715088 812.620300
809.330322 842.229919 837.294983 812.620300
825.780151 840.584961 838.940002 819.200195
824.135132 827.425110 837.294983 825.780151
810.975281 838.940002 822.490173 825.780151
817.555237 847.164856 819.200195 825.780151
825.780151 860.324707 832.360046 825.780151
825.780151 837.294983 807.685364 817.555237
842.229919 845.519897 812.620300 835.650024
838.940002 837.294983 829.070068 830.715088
819.200195 847.164856 843.874939 825.780151
815.910278 847.164856 847.164856 829.070068
830.715088 835.650024 825.780151 829.070068
814.265259 852.099792 832.360046 824.135132
817.555237 866.904663 853.744812 815.910278
825.780151 858.679749 845.519897 830.715088
810.975281 855.389771 845.519897 824.135132
825.780151 838.940002 822.490173 832.360046
824.135132 848.809875 827.425110 837.294983
814.265259 834.005005 837.294983 827.425110
804.395386 835.650024 838.940002 815.910278
810.975281 835.650024 835.650024 824.135132
817.555237 843.874939 824.135132 814.265259
812.620300 845.519897 832.360046 827.425110
822.490173 852.099792 832.360046 827.425110
827.425110 853.744812 845.519897 819.200195
815.910278 863.614685 857.034729 812.620300
810.975281 857.034729 845.519897 807.685364
824.135132 835.650024 832.360046 817.555237
819.200195 845.519897 840.584961 819.200195
815.910278 827.425110 835.650024 815.910278
814.265259 832.360046 829.070068 812.620300
801.105408 858.679749 840.584961 812.620300
801.105408 852.099792 827.425110 820.845215
809.330322 843.874939 853.744812 812.620300
804.395386 842.229919 838.940002 814.265259
792.880554 825.780151 827.425110 819.200195
797.815491 817.555237 832.360046 815.910278
802.750427 837.294983 829.070068 822.490173
806.040344 847.164856 838.940002 819.200195
829.070068 857.034729 842.229919 825.780151
847.164856 852.099792 835.650024 845.519897
817.555237 842.229919 832.360046 832.360046
806.040344 845.519897 822.490173 820.845215
796.170471 830.715088 829.070068 801.105408
778.075684 832.360046 830.715088 794.525513
784.655640 819.200195 822.490173 812.620300
783.010620 824.135132 835.650024 820.845215
783.010620 837.294983 843.874939 815.910278
789.590576 838.940002 834.005005 817.555237
797.815491 829.070068 855.389771 817.555237
789.590576 827.425110 850.454834 814.265259
784.655640 819.200195 848.809875 819.200195
768.205811 837.294983 852.099792 804.395386
779.720703 852.099792 838.940002 807.685364
773.140747 845.519897 842.229919 801.105408
787.945557 861.969727 829.070068 804.395386
801.105408 847.164856 835.650024 817.555237
796.170471 840.584961 847.164856 820.845215
784.655640 845.519897 845.519897 807.685364
792.880554 848.809875 838.940002 810.975281
804.395386 840.584961 853.744812 806.040344
807.685364 845.519897 845.519897 804.395386
801.105408 835.650024 842.229919 806.040344
799.460449 838.940002 837.294983 806.040344
799.460449 832.360046 829.070068 819.200195
809.330322 829.070068 820.845215 815.910278
815.910278 829.070068 822.490173 817.555237
817.555237 830.715088 827.425110 820.845215
812.620300 865.259644 827.425110 827.425110
797.815491 861.969727 843.874939 824.135132
815.910278 858.679749 835.650024 834.005005
809.330322 845.519897 830.715088 830.715088
810.975281 840.584961 835.650024 822.490173
799.460449 837.294983 838.940002 815.910278
810.975281 861.969727 834.005005 814.265259
804.395386 857.034729 848.809875 820.845215
799.460449 842.229919 838.940002 820.845215
809.330322 843.874939 847.164856 829.070068
807.685364 842.229919 847.164856 842.229919
817.555237 861.969727 845.519897 842.229919
810.975281 863.614685 852.099792 832.360046
787.945557 852.099792 840.584961 824.135132
791.235535 838.940002 840.584961 817.555237
806.040344 822.490173 827.425110 819.200195
820.845215 840.584961 842.229919 843.874939
802.750427 871.839600 857.034729 832.360046
789.590576 863.614685 853.744812 820.845215
807.685364 855.389771 838.940002 817.555237
801.105408 835.650024 832.360046 827.425110
789.590576 840.584961 842.229919 820.845215
804.395386 838.940002 845.519897 845.519897
789.590576 840.584961 850.454834 842.229919
797.815491 838.940002 852.099792 812.620300
819.200195 819.200195 847.164856 832.360046
791.235535 838.940002 852.099792 810.975281
799.460449 855.389771 842.229919 812.620300
812.620300 850.454834 840.584961 827.425110
806.040344 858.679749 845.519897 809.330322
814.265259 834.005005 837.294983 810.975281
812.620300 847.164856 850.454834 815.910278
817.555237 850.454834 838.940002 810.975281
825.780151 840.584961 825.780151 822.490173
820.845215 858.679749 829.070068 817.555237
817.555237 834.005005 830.715088 824.135132
809.330322 837.294983 848.809875 815.910278
802.750427 830.715088 843.874939 817.555237
810.975281 840.584961 853.744812 815.910278
820.845215 840.584961 838.940002 827.425110
810.975281 850.454834 835.650024 827.425110
827.425110 843.874939 832.360046 825.780151
822.490173 842.229919 835.650024 830.715088
806.040344 845.519897 829.070068 817.555237
809.330322 832.360046 827.425110 825.780151
797.815491 837.294983 837.294983 829.070068
807.685364 827.425110 832.360046 827.425110
814.265259 820.845215 830.715088 837.294983
812.620300 842.229919 820.845215 830.715088
815.910278 850.454834 830.715088 827.425110
824.135132 842.229919 829.070068 820.845215
815.910278 853.744812 838.940002 812.620300
820.845215 852.099792 832.360046 815.910278
812.620300 861.969727 832.360046 817.555237
817.555237 852.099792 825.780151 820.845215
820.845215 852.099792 845.519897 820.845215
810.975281 843.874939 848.809875 817.555237
809.330322 843.874939 840.584961 825.780151
812.620300 842.229919 835.650024 819.200195
807.685364 832.360046 842.229919 814.265259
802.750427 848.809875 843.874939 806.040344
809.330322 842.229919 838.940002 815.910278
789.590576 847.164856 838.940002 812.620300
792.880554 829.070068 814.265259 820.845215
792.880554 829.070068 835.650024 825.780151
789.590576 848.809875 857.034729 820.845215
807.685364 847.164856 838.940002 825.780151
804.395386 842.229919 845.519897 830.715088
807.685364 834.005005 834.005005 827.425110
806.040344 842.229919 829.070068 830.715088
812.620300 842.229919 850.454834 835.650024
820.845215 838.940002 843.874939 829.070068
812.620300 843.874939 824.135132 825.780151
824.135132 847.164856 830.715088 848.809875
817.555237 845.519897 814.265259 830.715088
827.425110 837.294983 829.070068 845.519897
829.070068 845.519897 842.229919 838.940002
819.200195 840.584961 829.070068 838.940002
824.135132 843.874939 829.070068 858.679749
812.620300 840.584961 832.360046 842.229919
809.330322 832.360046 827.425110 865.259644
809.330322 858.679749 843.874939 847.164856
822.490173 845.519897 838.940002 847.164856
819.200195 837.294983 837.294983 845.519897
832.360046 824.135132 829.070068 845.519897
815.910278 838.940002 850.454834 843.874939
825.780151 840.584961 840.584961 852.099792
796.170471 853.744812 838.940002 815.910278
778.075684 840.584961 835.650024 789.590576
779.720703 834.005005 814.265259 787.945557
